7 7 7 7 7 7 7 7 7 7 7 7 7 7 7 7 7 7 7 7 7 7 7 7 7 7 7 7
7 7 7 7 7 7 7 7 7 7 7 7 7 7 7 7 7 7 7 7 7 7 7 7 7 7 7 7
7 7 7 7 7 7 7 7 7 7 7 98 6 7 7 7 7 7 7 7 7 7 7 7 7 7 7 7
7 7 7 7 7 7 7 7 7 7 -61 -14 -25 7 7 7 7 7 7 7 7 7 7 7 7 7 7 7
7 7 7 7 7 7 7 7 7 101 -46 38 7 7 7 7 99 7 7 7 7 7 7 7 7 7 7 7
7 7 7 7 7 7 7 7 7 21 68 7 7 7 7 7 84 7 7 7 7 7 7 7 7 7 7 7
7 7 7 7 7 7 7 7 -1 -6 7 7 7 7 7 7 -43 7 7 7 7 7 7 7 7 7 7 7
7 7 7 7 7 7 7 -57 -78 7 7 7 7 7 7 7 116 7 7 7 7 7 7 7 7 7 7 7
7 7 7 7 7 7 7 59 -33 7 7 7 7 7 7 7 -11 7 7 7 7 7 7 7 7 7 7 7
7 7 7 7 7 7 7 -78 -25 7 7 7 7 7 7 7 116 7 7 7 7 7 7 7 7 7 7 7
7 7 7 7 7 7 -57 -11 7 7 7 7 7 7 7 7 -43 7 7 7 7 7 7 7 7 7 7 7
7 7 7 7 7 7 99 -7 7 7 7 7 7 7 7 -26 54 7 7 7 -89 7 7 7 7 7 7 7
7 7 7 7 7 7 4 -7 7 7 7 7 7 7 7 -29 25 7 7 103 -47 100 7 7 7 7 7 7
7 7 7 7 7 7 4 56 7 7 7 7 7 7 7 30 -33 7 68 -110 -94 7 7 7 7 7 7 7
7 7 7 7 7 7 7 -46 7 7 7 7 7 7 7 -104 36 89 53 -90 7 7 7 7 7 7 7 7
7 7 7 7 7 7 7 -3 -38 7 7 7 7 7 7 -110 -14 95 7 7 7 7 7 7 7 7 7 7
7 7 7 7 7 7 7 7 23 -5 -121 7 6 -38 -77 -51 -57 7 7 7 7 7 7 7 7 7 7 7
7 7 7 7 7 7 7 7 7 30 -11 -11 -43 -127 7 -11 7 7 7 7 7 7 7 7 7 7 7 7
7 7 7 7 7 7 7 7 7 7 7 7 7 7 -89 85 7 7 7 7 7 7 7 7 7 7 7 7
7 7 7 7 7 7 7 7 7 7 7 7 7 7 -27 23 7 7 7 7 7 7 7 7 7 7 7 7
7 7 7 7 7 7 7 7 7 7 7 7 7 7 35 -38 7 7 7 7 7 7 7 7 7 7 7 7
7 7 7 7 7 7 7 7 7 7 7 7 7 7 63 -67 7 7 7 7 7 7 7 7 7 7 7 7
7 7 7 7 7 7 7 7 7 7 7 7 7 7 -103 2 7 7 7 7 7 7 7 7 7 7 7 7
7 7 7 7 7 7 7 7 7 7 7 7 7 7 -104 35 7 7 7 7 7 7 7 7 7 7 7 7
7 7 7 7 7 7 7 7 7 7 7 7 7 7 -26 -89 7 7 7 7 7 7 7 7 7 7 7 7
7 7 7 7 7 7 7 7 7 7 7 7 7 7 7 7 7 7 7 7 7 7 7 7 7 7 7 7
7 7 7 7 7 7 7 7 7 7 7 7 7 7 7 7 7 7 7 7 7 7 7 7 7 7 7 7
7 7 7 7 7 7 7 7 7 7 7 7 7 7 7 7 7 7 7 7 7 7 7 7 7 7 7 7
